departure station: 36-741 or 752-956
departure location: 45-422 or 444-950
departure platform: 46-788 or 806-967
departure track: 46-57 or 70-950
departure date: 35-99 or 108-974
departure time: 42-883 or 903-962
arrival location: 47-83 or 95-953
arrival station: 31-227 or 240-970
arrival platform: 48-840 or 853-964
arrival track: 49-487 or 499-964
class: 33-363 or 381-959
duration: 35-509 or 522-951
price: 38-590 or 601-950
route: 41-266 or 285-962
row: 44-402 or 419-962
seat: 41-615 or 634-956
train: 47-156 or 178-954
type: 44-313 or 338-964
wagon: 30-110 or 133-970
zone: 38-541 or 550-965

your ticket:
109,199,223,179,97,227,197,151,73,79,211,181,71,139,53,149,137,191,83,193

nearby tickets:
916,733,486,481,857,191,77,374,684,717,145,568,53,390,390,772,471,780,187,458
941,613,92,946,358,133,873,670,866,461,608,95,650,484,482,948,944,480,356,654
456,150,198,912,710,851,781,350,767,767,663,564,451,726,210,570,874,787,701,940
220,394,552,263,865,612,453,906,856,686,739,776,765,223,534,289,371,557,536,882
466,737,988,584,73,244,226,866,682,485,934,499,666,729,806,56,684,249,148,736
719,555,659,482,410,391,457,531,835,502,70,476,340,708,467,941,761,708,384,99
447,649,463,752,459,768,636,643,253,739,197,650,580,917,369,839,584,643,52,396
266,300,645,919,736,944,759,676,929,936,78,475,917,487,976,679,243,585,696,929
907,733,919,355,692,474,339,180,767,535,569,560,651,98,234,681,676,929,475,684
566,753,532,867,741,881,550,577,482,935,670,640,862,581,716,261,21,218,815,863
251,730,719,855,109,180,945,706,736,197,308,764,755,94,929,352,382,313,155,925
55,118,75,296,303,222,135,715,645,602,298,828,769,181,385,679,944,782,825,643
398,303,655,292,911,697,760,861,487,139,451,522,353,938,706,229,551,528,580,110
248,207,53,715,757,469,859,140,853,532,814,458,636,401,833,160,636,763,944,391
837,457,555,249,294,95,878,811,784,338,182,758,916,226,752,576,396,760,433,71
453,237,257,388,556,253,194,156,582,214,607,922,833,709,78,571,348,778,560,470
352,975,472,299,151,247,612,285,458,662,197,500,210,814,693,143,346,56,740,384
603,876,939,736,192,330,196,541,820,508,838,304,904,249,153,387,349,693,300,193
688,381,509,79,771,179,396,467,856,711,672,858,774,806,390,935,652,678,90,728
241,538,588,999,579,78,522,585,262,142,381,663,194,302,213,868,248,469,526,703
707,587,253,74,839,342,147,711,901,911,562,776,480,147,300,946,485,381,811,151
536,576,459,155,258,915,881,873,82,257,239,382,344,360,615,223,470,660,757,941
50,485,607,449,644,786,205,452,345,83,485,110,184,408,865,299,654,556,246,719
866,98,825,643,702,471,881,603,741,603,671,585,860,256,657,103,346,907,916,930
142,926,70,386,861,618,768,388,719,529,784,612,226,566,672,459,465,558,582,830
720,770,136,346,537,863,250,459,545,460,647,479,563,777,483,394,650,577,718,615
691,138,80,452,141,289,301,708,903,865,925,979,881,420,674,210,693,565,868,291