180
152
159
171
178
169
212
213
214
222
228
215
228
240
248
220
224
201
212
218
217
225
218
255
256
260
261
262
263
254
255
261
270
248
252
258
259
243
242
240
233
241
250
256
258
256
258
261
263
274
262
248
265
266
276
279
273
274
273
275
280
281
282
284
285
286
289
294
310
313
318
327
342
346
358
378
386
391
377
378
381
378
377
369
372
375
368
377
354
319
314
337
338
351
356
361
345
346
337
338
339
365
370
368
383
384
399
416
417
422
427
431
434
438
439
440
438
437
439
444
446
449
461
489
483
466
471
472
474
478
476
481
482
483
485
510
512
519
525
539
562
576
583
587
607
605
601
616
615
630
635
638
643
644
642
652
662
661
687
683
682
701
710
712
721
722
719
726
734
729
728
752
754
758
765
764
765
766
781
790
798
799
801
802
801
802
830
831
832
844
858
850
847
846
853
854
853
859
855
856
858
848
880
859
866
867
865
868
878
877
878
883
894
900
909
912
896
897
885
886
885
893
901
903
900
896
904
912
914
905
904
912
925
924
935
949
950
947
949
950
946
948
947
946
944
941
974
982
981
1005